#Expected values of the score as per the classifier output distribution
#
0.0019 1.3726 2.5494 0.3392 1.5306 3.6021 1.0362 4.5300 3.6574 3.2924 2.7232 1.0818 0.1669 0.8700 4.0123 2.2716 1.9403 4.2862 0.3034 2.0187 1.8760 1.3653 1.6452 6.3930 4.3177 1.1717 2.6913 2.6081 0.0021 3.4949 4.0992 3.3622 0.7520 1.6589 1.7632 4.7447 0.2177 4.5083 2.8644 2.8019 0.1163 7.8638 2.9062
2.2870 0.0024 2.3132 0.7375 1.2959 3.3475 3.4278 3.3745 1.8769 3.0209 5.6143 2.5205 1.4213 2.3612 4.0351 1.9280 3.5333 2.5178 1.0780 2.5723 2.9384 1.3827 1.2535 0.6525 0.4741 0.1724 0.8024 2.9272 0.4703 0.7416 2.6663 3.0273 0.0016 1.9962 2.1999 3.6685 0.0016 1.1724 0.7810 7.6106 1.6988 1.2663 2.6930
1.6350 1.0526 0.0008 1.3698 0.9760 3.8707 0.4886 4.3106 0.5874 1.3848 2.2719 4.1736 0.1973 0.0886 8.1794 2.2204 1.7265 3.3458 1.4622 0.8662 3.2824 5.4320 2.8961 3.1342 0.0381 0.0910 3.6199 1.8322 0.6376 0.5166 2.2565 2.1756 0.0561 2.6601 2.1597 0.8779 0.0749 0.1755 0.3347 0.1256 0.0749 0.5631 1.0415
0.8658 1.8768 2.3813 0.0010 1.9662 1.1933 1.4253 3.2658 5.4000 1.6825 1.4271 3.7891 0.8656 1.0192 5.4638 2.8321 1.1936 1.6058 1.6593 4.0510 2.8554 3.9458 1.2216 1.9737 0.7337 0.6112 7.8326 5.7942 0.5976 0.0861 0.6912 4.5906 0.0297 2.0307 2.0183 0.9493 0.2522 0.9382 0.3903 0.3819 1.0850 2.8734 1.3243
0.8766 3.4814 1.9429 0.6875 0.0008 1.7362 1.5657 1.6342 4.0794 2.8939 2.0001 0.5117 4.8399 2.8482 2.5803 1.3569 4.7613 2.3714 0.5793 5.8647 1.4937 0.6462 0.8012 2.2934 0.3119 0.4236 2.4691 1.8843 0.1499 2.6102 2.5175 1.3448 0.0002 0.2617 0.2852 0.7156 0.0123 3.8828 0.9496 8.4663 0.0748 7.1453 2.9219
1.3935 1.1269 2.5806 1.2618 1.2721 0.0022 3.0323 2.7341 2.6358 2.0974 2.0912 2.4875 1.5935 0.5410 3.7131 1.9670 5.2704 2.1616 0.9541 3.0534 0.7300 1.6833 2.1212 2.3296 2.5324 0.5014 1.5939 2.1060 0.0371 5.3081 1.0992 3.2593 0.0478 1.2464 0.4017 1.9260 0.0006 1.8608 0.3307 4.7460 0.0256 6.1936 0.4620
2.4800 1.0887 0.5377 1.6521 2.0984 0.2772 0.0009 0.8519 3.3306 0.5016 1.4098 1.3971 1.2465 3.4821 0.5779 1.7350 0.3586 1.4108 9.5979 1.0784 1.8997 1.0958 2.8477 0.2884 1.0681 0.2431 0.7457 0.7767 0.2759 1.8415 4.2707 4.3670 0.0310 0.3820 3.9030 8.4683 3.4797 6.0045 3.2404 6.5386 5.2566 3.1574 5.3141
1.7077 1.7827 4.9570 1.2362 1.4686 3.0479 0.6810 0.0010 2.0364 1.6638 2.7250 3.8379 0.1568 0.3915 3.8378 2.4292 0.2608 5.3133 1.5877 1.0694 2.9970 1.0729 3.9149 0.4338 0.6463 0.4909 4.9492 1.0665 6.3807 2.2913 3.1891 2.9520 0.0006 6.8253 2.7925 0.1704 0.4253 0.0791 1.7277 0.0273 0.8891 0.4933 1.6859
2.6242 0.8682 1.9197 0.5936 2.0210 3.2247 2.1222 2.2231 0.0024 1.2218 2.4459 0.8866 0.3399 3.2553 2.2850 4.0691 1.0345 4.5498 2.4277 1.9566 1.5324 1.7419 4.6970 1.8963 0.0088 0.9054 2.5170 0.2358 1.5225 4.3081 6.3239 2.4803 1.1972 3.2679 6.4707 8.3847 0.6545 8.8454 5.6738 0.0042 0.0086 3.3453 0.0085
0.1458 1.7884 0.8493 0.3001 3.2661 2.6659 0.4755 4.7420 2.8148 0.0008 2.6024 1.3572 2.8554 2.9175 3.3633 4.4487 0.5919 6.0333 0.1692 3.3719 1.3528 0.7831 6.6521 0.0401 0.1032 0.0481 1.7289 0.6953 0.0072 1.2840 1.3263 0.5974 0.0018 0.6164 0.8341 0.3987 0.0525 1.5062 0.2666 0.9873 0.2864 1.5131 1.1044
0.6467 4.8331 3.3364 0.8114 1.2729 3.1113 2.9102 3.2439 1.1859 0.8419 0.0009 2.9002 1.2552 0.4128 3.1181 2.2241 4.9282 1.2291 0.7955 3.6158 1.0822 0.9953 1.2129 3.0843 0.4966 0.4064 1.8407 2.1555 0.5459 0.8553 0.6905 1.6635 0.0560 0.4418 1.5263 0.2121 0.0926 0.0956 0.1491 7.6975 0.9065 5.8581 2.5412
0.4779 1.0136 6.3380 3.2902 2.4117 1.6487 1.6561 3.2877 0.9968 1.3905 1.4362 0.0026 0.3479 0.4664 7.4316 1.5343 1.0485 1.5864 1.1161 1.9096 1.8366 4.9162 1.4045 3.1193 0.4971 0.3781 2.4610 1.8983 2.6982 2.0518 2.4447 2.3683 0.0006 2.3229 1.4577 0.5307 0.1830 0.9426 0.6161 0.1428 0.0208 5.9007 1.1308
0.8678 2.2224 2.1862 0.6408 1.7166 3.4381 0.9349 3.0820 7.6951 2.8864 1.8228 1.5470 0.0005 3.5959 3.3961 2.3504 0.0750 2.9702 0.8618 3.4250 0.3003 2.1930 1.3103 0.2163 1.1507 0.5732 1.2705 1.5407 0.4019 0.1760 4.6180 2.6371 0.0003 2.8283 6.7681 0.1430 0.2827 3.0297 6.9846 0.5156 0.5537 2.3008 1.0650
0.9782 2.4911 2.0935 1.1226 0.7306 4.0510 2.9169 2.5301 7.5153 1.2955 2.3121 1.1423 4.4920 0.0009 2.9315 0.6775 1.0012 2.0355 0.9032 2.4657 1.3796 2.6902 2.2251 0.1470 0.5605 0.5704 1.5820 1.5654 0.2626 0.7718 7.1657 1.9791 0.0007 0.5881 4.7928 0.3071 0.0037 6.7348 3.4993 5.5958 1.0132 1.9237 1.2690
1.2067 0.8293 6.2848 4.0385 1.4718 1.7830 0.8476 4.4328 1.2881 1.8789 1.5854 4.8178 0.6859 0.1709 0.0011 1.0963 1.4977 2.2723 0.9212 1.9769 1.6034 5.1683 1.7288 4.5645 0.2609 0.1633 4.8581 2.9055 0.2542 0.5500 1.0901 1.7432 0.2741 2.5098 1.6259 1.2562 0.0664 0.0395 0.1358 2.7092 0.4490 6.3633 0.9098
1.5402 0.3374 1.3217 0.9608 2.1678 3.1241 1.9319 4.1122 4.9126 0.6661 2.7214 2.0417 3.6483 3.4563 3.1043 0.0019 3.8810 3.0629 1.2020 3.2758 0.6375 1.5199 1.2747 4.5400 4.0017 0.1850 0.0027 1.8960 0.0529 0.3047 0.4080 0.2072 4.2971 1.6685 0.1345 7.5526 0.0005 0.0030 0.2467 0.1629 0.0526 8.7653 1.5449
1.7619 1.2081 0.6265 0.7428 0.4223 1.3422 1.7952 3.3176 4.2415 0.7533 3.3486 0.7536 0.4874 2.3872 1.6015 1.1412 0.0008 3.1373 0.0549 0.6792 7.0629 0.4911 3.0464 7.7330 1.3948 0.3224 0.4828 1.9210 0.0467 0.1030 3.4102 2.2210 4.8447 0.0774 4.0607 5.3629 0.3033 5.7882 4.3519 7.8294 7.2418 0.0072 9.9804
2.5549 1.3317 3.3287 0.8022 0.6610 3.2616 2.9211 6.2138 0.4666 2.0424 2.3986 1.2554 0.4667 0.6771 4.7183 2.7235 3.0645 0.0017 3.1372 2.8600 3.3468 2.4301 4.4764 0.2299 0.1193 0.1574 2.8960 1.0288 4.9755 1.4497 1.0895 1.2184 0.0002 4.5484 2.0487 0.8358 0.0009 2.6316 0.6148 0.1508 0.0169 0.4796 0.3082
0.8286 0.9570 1.9698 0.8067 1.5444 0.6622 9.8092 2.0345 3.9988 1.6257 0.6972 1.7870 0.2512 2.5920 2.2719 1.9982 0.0362 2.2588 0.0004 1.9895 5.9299 0.7389 1.8291 0.0434 1.0708 0.4025 0.6333 0.5968 1.0288 0.6455 4.4175 4.9911 0.0961 1.1811 5.3710 0.2730 2.8685 8.3150 1.8609 6.3868 4.2407 3.5324 6.8294
0.9075 0.7172 2.9898 1.3011 1.7967 0.6313 2.4014 1.3094 1.5692 1.4796 3.1483 1.9059 0.2323 2.1176 3.7230 1.5705 0.7528 2.8762 2.6098 0.0015 6.1987 1.3485 1.7635 0.0693 0.5187 1.8492 1.2046 0.9975 0.4697 0.0948 6.5564 6.9534 0.0751 1.7954 5.8360 0.1836 3.4999 0.3575 2.8345 7.2428 3.6369 0.9052 5.2997
0.9452 1.7411 0.2327 1.1015 3.6207 1.9238 1.6839 3.5690 4.8606 1.8537 2.4563 0.3065 0.5828 1.6867 3.5729 5.0236 2.9903 3.1815 5.1692 4.2048 0.0007 0.1524 6.0567 0.4833 0.7458 1.0193 0.3053 3.6133 0.0513 0.6687 1.9547 3.4123 0.0102 0.1619 5.0891 3.6411 0.0893 3.8014 4.2698 2.1910 0.8378 2.2956 1.6460
1.0305 0.9181 7.9201 4.9469 2.0970 1.3426 1.1284 1.6406 1.4647 0.6016 1.8263 5.5490 1.4581 0.4586 6.2625 2.4797 0.4432 0.5779 2.1715 1.2245 6.6540 0.0013 0.7502 0.2901 0.8859 1.0288 3.7292 3.7744 0.7131 1.5743 1.4650 2.1869 0.0166 2.8816 3.4177 0.8732 0.5258 0.2994 0.4538 1.0545 0.4463 3.1407 3.2819
1.1040 0.7098 3.1123 0.7031 0.0525 0.6597 4.2107 3.1097 6.7611 7.0352 2.6795 2.2524 0.1544 0.8675 4.6132 2.1820 2.3669 3.9610 3.2248 2.7894 2.4507 1.4734 0.0010 0.6362 1.9279 1.2149 0.8550 0.3840 0.5042 0.4392 3.5299 2.3245 0.6568 3.6543 4.5746 0.7117 2.9585 1.6624 0.2912 1.0309 1.9179 2.2170 8.5407
2.4096 0.4015 0.2791 0.7207 1.6471 0.9246 2.7784 2.0337 3.5207 0.0478 0.6559 1.6542 0.2837 0.7355 2.9538 0.3051 6.4637 1.0100 0.0009 1.2861 1.6948 0.1025 2.6422 0.0010 7.3405 5.9726 0.4644 0.8843 0.0665 0.7910 0.9165 1.1562 7.8750 0.0521 2.3622 4.5505 0.4423 2.0320 0.2360 1.2678 0.5571 9.6511 4.6358
0.3629 0.1802 1.3162 0.5244 0.4348 1.1157 2.3517 1.8021 3.1092 0.2183 0.4857 0.9718 0.4490 0.7365 0.6934 0.7854 1.5372 2.0721 1.9134 0.3101 1.0920 0.2069 3.8082 8.0407 0.0008 5.9130 0.5749 2.5716 0.4885 0.1668 0.3132 3.1753 7.4864 1.9302 3.7035 5.9067 0.0523 2.0691 0.9582 0.0026 0.9587 9.3238 5.6837
2.6905 1.0990 3.9115 0.5963 0.7285 0.9444 1.2496 1.4016 4.1910 1.0551 1.8631 2.6787 0.1555 0.5145 4.3671 1.9952 0.2578 1.1123 0.6504 1.2676 3.9682 0.8378 0.5111 6.4514 7.4099 0.0010 1.6398 0.4638 0.2564 0.4891 0.6646 3.2070 6.7668 2.4538 2.2251 2.1241 0.2146 1.6773 1.0428 0.2762 0.5837 9.3509 1.1751
1.1897 3.7076 4.7932 6.4602 1.2423 1.5615 0.5853 2.7743 2.0845 1.2125 2.0623 4.7603 0.1117 0.1534 6.8364 1.2957 0.2634 1.5016 0.7942 0.6227 3.6904 3.5054 2.5411 0.0196 0.3226 0.3417 0.0009 4.4869 2.4220 0.3921 0.2751 8.0480 0.0167 7.1299 5.1243 0.0262 1.1304 0.0924 0.4452 0.5032 4.7017 0.0658 2.0611
1.3546 2.6845 3.4409 2.2563 0.1697 0.6684 3.1085 2.5446 2.1833 0.3507 4.4908 2.8578 0.5349 0.2637 3.4583 2.6817 2.9812 1.7275 0.7436 2.3683 5.3699 4.9115 1.6668 0.0498 1.1323 1.6887 2.7231 0.0015 0.0744 2.7481 2.0060 3.9416 0.0003 0.7833 4.2809 0.9246 0.6067 4.6429 1.7590 0.8646 2.4324 5.6150 7.1342
0.4343 1.7202 2.5500 2.1203 1.6262 0.4779 0.9284 2.0689 2.4448 0.0403 2.0618 3.4086 0.0921 0.1181 4.1112 1.7962 0.3314 0.8198 1.0745 0.6719 5.8645 1.9561 2.2084 0.0707 0.6264 0.9748 6.2942 0.5583 0.0007 3.5297 0.3264 6.9066 0.0001 9.2233 6.0580 0.0006 4.8291 0.0511 1.4814 0.0697 8.8846 1.3580 5.9822
1.0500 3.5407 3.6955 3.6292 0.9651 2.0607 2.0364 1.8289 5.3476 0.1772 0.5581 3.8939 0.1561 0.3161 3.1581 2.5624 0.1745 1.2107 0.3555 2.1305 3.4519 1.0603 0.5567 0.3606 0.6436 1.3200 3.5853 2.7065 2.2946 0.0006 1.3316 2.9056 0.0014 1.6432 7.2948 0.2894 2.8161 0.0097 1.9613 4.9337 2.8417 2.7373 6.2744
0.4529 1.4593 2.7968 0.5653 0.0730 0.9907 6.9292 1.1811 3.1563 0.7841 0.7146 2.3520 0.3867 1.7049 2.4488 0.7505 6.4379 0.4122 2.2761 2.9246 2.2015 0.2084 1.7686 0.3526 0.5941 1.2486 0.2779 6.1099 0.0833 0.9359 0.0009 4.0851 1.4798 0.3219 2.7558 0.4779 0.7556 0.8397 9.7292 4.0110 0.1779 2.4747 4.7181
0.1662 2.9055 1.1497 1.0032 1.1099 0.7363 3.4944 0.8176 1.5477 0.2840 0.6200 1.9818 0.0343 0.3661 1.4276 0.4779 0.6956 0.8456 1.1354 2.8522 0.5699 0.5630 0.5967 0.1935 0.7044 1.9885 2.0405 1.4159 2.3088 0.7502 1.8800 0.0015 0.1695 1.1698 6.9832 0.1867 6.9681 0.3816 5.7742 8.7562 6.5293 2.2945 8.5651
0.7479 1.1790 0.2582 1.2002 0.1084 0.0746 2.6503 0.3430 4.6808 0.4757 1.3221 0.8131 0.1987 0.0803 2.4385 0.2282 7.4273 0.9968 0.0474 1.1227 0.8833 0.1660 2.7678 6.8618 6.6173 4.5391 0.3429 0.4976 0.1282 0.8101 2.3739 3.6853 0.0007 0.6787 3.3653 9.7278 3.1162 5.5525 3.2178 2.0170 0.8420 9.1499 2.8622
0.8209 2.0195 4.7183 3.0735 0.8831 1.9989 0.6293 3.2445 3.0000 0.7934 0.8844 4.9659 0.8131 0.3013 4.3766 2.8593 0.0216 1.5017 1.3014 0.4849 4.5966 2.3821 2.7658 0.0583 1.0040 1.4882 8.6265 1.8967 7.4400 1.6691 0.2957 7.9705 0.0010 0.0019 6.0341 0.2962 3.5573 0.3597 1.4242 1.3146 4.2527 0.7957 2.8533
0.4667 0.3679 0.8333 0.4719 0.1568 0.2382 1.5830 0.2079 0.6673 0.0887 0.1873 3.0437 0.5821 0.1219 2.6093 0.1619 2.6295 0.2206 1.0567 2.1677 3.3321 0.1504 1.7600 0.4368 2.8342 0.4892 1.8708 2.1322 1.4090 5.9009 0.6593 7.9149 1.2429 0.6656 0.0008 0.1968 7.9339 1.3006 5.8829 6.7942 8.0899 2.4874 8.8945
0.6637 0.7851 0.3225 0.1903 0.4888 2.5177 9.1634 0.4756 9.3030 0.2684 1.2914 1.0128 0.8515 3.3426 2.8932 0.6200 8.5535 0.5427 2.4483 2.4200 0.2929 0.3050 3.6882 5.7421 1.5768 1.0660 0.1899 2.2709 0.0007 0.3488 1.4349 0.9595 7.9284 0.0017 0.7021 0.0006 0.1364 3.0816 0.3573 0.6275 0.0457 2.0041 3.0886
0.1082 1.3805 0.5867 0.9256 0.0451 0.0799 3.6019 0.1189 0.5875 1.4872 0.2017 2.2251 0.3562 0.0307 2.6251 1.7953 1.0390 0.2626 0.6203 3.9150 2.1608 1.4845 2.1183 0.6621 1.1665 0.6576 2.4116 0.7774 3.3883 3.7149 0.9314 9.7665 0.3364 2.9772 8.8971 0.0292 0.0012 0.0947 6.3366 6.1609 6.5934 2.6066 6.0729
2.7381 0.2627 1.3029 0.7875 0.0032 0.7462 8.3733 0.5285 0.0366 0.6870 0.2035 1.4967 0.2505 0.1736 0.5957 0.2016 7.2885 0.8888 4.2565 1.1063 0.5106 0.2875 0.6723 1.9169 1.1736 0.8288 0.2696 2.7290 1.1300 0.0058 2.2705 4.5727 6.6228 0.0330 4.6096 0.1424 1.8855 0.0015 1.8690 7.9378 2.5799 6.5379 8.0555
0.4568 2.6688 0.5813 0.9351 0.0233 0.0246 3.4097 0.1205 2.0227 0.8008 0.0304 3.4605 1.2335 0.1368 4.2376 0.6734 0.6226 0.2181 0.0494 1.3929 5.0654 1.5031 0.0017 0.7539 0.9678 0.4260 2.3326 0.8409 1.0497 0.8583 9.9279 7.9398 0.3931 1.1380 8.0285 0.3417 6.7714 4.1561 0.0008 2.9008 5.5574 1.3891 7.4194
0.3907 1.2129 1.5468 0.1515 3.2678 0.2375 7.5928 0.3450 4.3831 1.1936 2.5685 3.6546 1.4391 0.6374 3.0592 1.3804 1.1383 0.4883 3.3639 3.7238 4.5923 1.3050 2.9118 1.5414 0.9988 0.3448 0.6214 0.0431 0.2652 1.3314 1.4368 9.5297 1.3709 0.1018 7.9053 0.0137 6.2086 2.8313 2.8462 0.0001 9.0710 3.5919 0.0761
4.2078 4.2505 0.7659 0.0619 0.0573 0.4856 3.0862 0.0044 4.0759 0.5362 0.3650 1.9255 0.9710 0.0552 1.9846 0.2652 4.2503 0.3880 0.1552 2.7927 0.1125 0.0239 2.8565 0.1140 0.9974 0.0862 2.0394 1.2295 6.4716 1.0552 0.4460 5.3560 0.3709 4.1202 7.4464 0.2760 7.0613 0.8688 3.7208 9.1638 0.0015 1.4349 8.8992
0.1959 3.4405 1.0202 0.4458 0.2786 0.1835 5.5611 0.1229 2.9227 0.4274 0.0772 1.5257 1.7009 0.0012 3.3230 1.6518 0.0878 0.2325 1.8435 2.2038 1.4016 0.3813 2.1795 8.9880 7.9973 5.9209 0.3371 5.7586 0.5246 0.0515 0.6737 5.9947 9.0196 0.2082 4.9162 0.0473 0.5764 4.7278 2.2722 0.2643 0.5554 0.0007 1.1894
0.1471 0.2106 1.0406 0.2891 0.0040 0.0356 5.0989 0.9062 1.1689 2.7117 0.5720 2.7042 0.3995 0.0277 1.6083 0.0753 9.9684 0.4958 0.6876 5.3953 0.6568 0.0867 5.5856 1.2354 1.9077 1.7299 1.7619 2.3860 1.8968 0.7901 5.2357 6.9708 0.0155 2.5888 8.8162 1.4891 5.2248 2.6022 4.6528 0.0001 8.4875 0.0677 0.0003
