#Model weights: score = w_i * s_i, with s_i being latent song quality variable
#
0.0000 1.5513 1.9956 1.2737 1.3707 0.8360 0.6140 1.2849 1.9488 1.1099 1.3519 0.8061 0.4990 1.6497 0.3779 1.3609 1.1760 1.1466 1.0431 0.7996 1.6369 0.9649 1.3604 0.6703 0.5652 0.8426 1.7175 0.8365 0.8874 1.2723 1.7648 3.0635 0.2409 2.4144 0.7733 0.4504 0.5972 0.8376 0.2468 0.1914 0.4638 0.6448 0.6331
1.2792 0.0000 1.1642 1.2380 1.2645 0.8833 1.5114 1.1276 1.8693 1.0590 1.2281 0.9411 1.1399 1.2002 1.8052 1.0352 0.9484 0.9814 0.8419 1.2861 0.7891 1.1574 0.9824 1.3092 1.2902 0.7633 2.7001 1.2210 0.8975 0.7571 0.9746 0.2911 0.3747 1.0692 0.3565 1.1261 0.2119 0.4369 0.8329 1.4267 1.5881 0.1990 0.3993
2.1562 1.5620 0.0000 1.4037 1.1901 0.4676 0.8598 1.5737 1.7500 1.2383 0.7975 0.8682 1.1072 1.3407 1.2015 0.8413 0.9611 1.0191 1.6233 1.2146 2.1870 1.4429 1.6110 0.4339 0.4223 0.6090 1.1315 0.8123 0.5849 0.8447 1.3091 2.5473 0.2409 1.8719 0.6592 0.6435 0.2119 0.6415 1.2031 0.3274 0.3542 0.1934 0.3130
1.5130 1.5766 1.4472 0.0000 1.2806 1.4029 2.3917 1.2592 1.1136 0.9994 1.5810 1.9986 0.8395 0.7257 1.4797 0.9634 0.5831 0.9329 0.8419 1.2524 0.9695 1.1621 0.8736 1.7569 1.7507 0.5981 0.6943 1.0456 0.3094 0.4882 0.1844 0.4020 2.1979 0.9619 0.1902 3.0335 0.2119 0.4538 0.1851 0.2915 2.3084 0.2211 0.4946
1.4115 1.5018 0.9536 1.4285 0.0000 0.7151 1.3477 0.7996 1.2528 1.0454 1.1981 0.7964 0.9877 1.3641 1.6337 1.1535 2.0734 0.8775 0.9622 1.4456 1.3393 1.0055 0.7624 0.6152 1.5155 0.8317 0.8679 1.2730 0.6151 0.6587 1.1524 0.8179 0.3785 0.5980 0.6047 0.4306 0.3178 0.3873 0.2909 2.1697 1.5524 0.5969 0.8310
1.1019 1.5795 1.7210 1.6925 1.3028 0.0000 0.7155 1.5159 1.1389 0.8284 1.5126 1.7962 0.8248 0.9125 0.6861 0.6888 0.6876 0.8097 1.3239 0.8792 1.2401 1.0504 1.6059 0.1928 0.9290 0.9836 2.4533 0.3377 0.7764 2.0342 1.0799 1.3129 0.7226 1.2739 1.6354 2.7670 0.8052 2.1802 3.5167 0.1403 1.0751 0.1658 0.1187
1.2875 1.7507 1.3870 1.3018 1.1857 2.0032 0.0000 0.9329 2.1079 1.0651 1.2912 2.2804 0.6793 0.9438 0.3326 0.8148 1.3413 0.7471 0.8077 1.4576 0.6990 1.3902 0.7687 0.9449 0.4848 0.8773 0.5400 1.0547 0.7764 1.6274 0.9014 0.8837 0.2409 1.4039 1.5118 0.4137 0.5586 2.4879 1.1899 0.4465 0.7589 0.4974 0.5936
1.6013 1.5654 1.6155 1.1413 1.3007 1.0763 0.5431 0.0000 2.0681 1.1185 1.2808 1.0419 0.5713 1.1032 0.9187 0.6351 0.8176 0.5874 0.5127 0.8616 1.2852 0.8791 0.8443 1.8897 2.1905 1.0274 1.8515 1.2989 0.9852 1.4264 1.1171 0.2357 0.7226 0.9430 0.5290 2.0752 0.5933 1.1422 1.4807 0.9823 2.0057 0.2605 0.9734
1.7852 1.5454 2.2822 1.8949 1.3906 1.1127 1.8602 0.4950 0.0000 0.9806 1.9442 1.8547 0.4699 0.6590 0.5615 0.7560 1.1110 0.5105 0.4753 1.4036 1.3303 0.8680 2.1707 0.1928 0.1720 0.2393 0.2314 0.1819 0.1109 0.1627 0.1844 0.2357 0.2409 0.1820 0.1141 0.1930 0.2119 0.1721 0.1851 0.1403 0.1265 0.1658 0.1187
1.7018 1.2419 1.2664 0.8887 1.1521 0.7200 1.0161 1.0250 1.8295 0.0000 1.1491 0.6812 0.5716 2.1031 0.8866 1.6796 0.8654 2.1443 0.8866 0.9818 1.4205 2.2994 0.9408 0.5282 1.8325 0.6308 0.6654 1.4669 0.6655 0.7982 1.8941 0.5829 0.5420 1.2057 0.5705 0.9974 0.3423 0.3575 0.2262 0.8888 1.5881 0.4642 0.5072
0.9129 1.2159 1.2462 1.0506 1.2677 1.2248 2.9575 0.9590 2.2915 0.8041 0.0000 1.8891 0.7536 1.0292 1.6630 0.5517 1.6582 0.8190 0.7061 1.9434 1.0913 0.7313 0.5908 0.6519 1.1573 0.7430 1.5384 0.9295 0.5546 1.1237 1.1303 0.5302 0.2409 0.5674 0.2789 0.7336 0.2472 0.7459 1.5733 2.3622 1.7363 0.2864 0.8526
1.2124 1.7497 1.1368 0.6666 1.2581 1.8631 2.7239 1.0231 1.3125 0.8796 0.9231 0.0000 1.0842 0.9498 0.6225 0.7328 1.3623 0.9764 0.9264 1.0710 1.1950 1.3787 1.0102 0.7254 0.3597 0.7933 0.8405 0.9284 0.6997 2.3227 0.8578 0.5597 0.2409 0.6744 1.1837 0.5564 0.2119 1.3554 2.7763 1.6038 0.6554 0.5969 0.5570
0.8115 0.4379 0.9438 1.1110 0.9857 1.0568 1.0728 1.4813 1.0883 0.4772 1.5526 2.0553 0.0000 0.5090 0.5161 0.8079 0.9484 1.1866 3.9013 0.6478 1.1781 0.9045 1.1118 0.8221 0.4997 0.6422 1.1572 0.5860 1.0722 1.6570 0.6638 0.5597 0.3693 0.5217 1.0269 3.4748 1.6759 1.2737 2.4802 1.8890 0.9544 1.8841 1.3652
1.6939 1.8594 1.5033 1.3378 1.3582 0.4528 0.5807 1.2993 1.2727 2.0119 1.0138 0.4658 0.4490 0.0000 0.9732 1.4932 1.0622 1.1966 1.1498 0.6646 2.3674 2.3980 1.2456 0.2943 1.5865 0.6380 0.6557 1.0456 0.7966 1.0535 1.4653 0.8179 0.3441 1.3194 0.7266 0.9910 0.3532 0.5809 0.3966 0.3040 0.4554 0.3316 0.6151
1.3308 1.0656 1.4472 0.9218 1.5224 1.2799 0.8637 1.3427 1.0341 0.6903 0.6877 1.7732 0.8273 0.4772 0.0000 0.6369 1.0327 0.8456 0.3442 0.6422 3.4948 0.7035 1.3466 1.1394 2.7607 0.7178 0.5163 1.0084 0.7503 1.2816 0.6453 0.3613 2.5211 0.3640 1.1029 2.2639 0.5886 1.7021 2.3136 2.2920 0.1265 2.4133 2.4929
1.3434 1.1023 0.9898 1.0335 1.0327 0.6309 0.8471 0.8662 1.6306 1.8188 1.5901 0.8587 0.7438 2.1064 0.6436 0.0000 0.8265 1.8008 0.9659 0.9919 1.5557 2.2058 0.9530 0.7187 1.5483 0.6743 1.3192 1.1366 0.7659 1.1857 1.1985 1.8729 0.2409 1.3779 0.5034 0.7573 0.3814 0.5737 0.5553 0.2915 1.5432 0.1934 0.6105
1.2983 1.6179 1.2565 1.1413 2.2146 0.8202 1.3104 1.3367 1.9886 1.0914 1.2088 1.5664 1.0965 1.0199 1.3417 1.0585 0.0000 0.7648 0.9098 1.1337 1.9165 1.1088 0.8395 0.6239 0.5980 0.5051 0.7935 1.4029 0.8536 1.1540 0.6409 0.8520 0.2409 1.2254 0.6779 1.6271 0.2119 0.5771 0.6170 2.0402 0.6071 0.7461 0.7835
1.3039 0.9659 1.0364 1.4548 0.9702 1.4669 0.9350 0.8496 1.7102 1.4423 1.4505 1.1091 0.6779 1.1028 0.7055 1.4231 1.1002 0.0000 1.1751 1.4687 1.7361 1.9139 0.7508 0.5528 1.1278 0.7520 0.4959 2.2671 1.1251 0.5448 3.0043 0.8416 0.2975 1.1339 0.6582 0.8108 0.6004 0.4426 0.6170 0.3408 0.9613 0.6783 0.5504
1.0979 0.7914 1.0770 1.1515 0.6971 1.2258 0.7023 0.9281 1.7168 0.8416 1.2407 1.8333 2.6598 0.9169 0.2646 0.9210 0.8045 0.8190 0.0000 0.9393 2.9762 0.7489 0.8663 0.9115 0.2925 0.7417 0.6635 0.7153 1.2201 1.5297 0.6269 1.0997 0.4129 0.7280 1.3058 0.6088 1.6104 0.9835 3.2523 1.8555 1.0260 1.5290 1.6382
0.8013 0.8537 1.3028 1.0058 1.4514 0.6850 0.6746 0.9662 1.5312 1.1598 1.3772 1.5279 0.9196 1.2327 0.5608 0.9250 0.6868 0.9679 1.2994 0.0000 3.0258 1.0650 0.9461 0.7826 0.2752 1.2202 0.4166 0.9093 1.6084 2.2512 0.7918 0.6775 0.3914 1.0692 1.3977 0.4826 1.6374 1.1519 0.4627 2.0833 0.5602 1.3595 1.3256
1.3308 1.1766 1.2565 2.0963 1.2418 1.5142 0.9422 1.0434 1.6957 1.0006 1.9340 1.2022 0.6959 0.3615 1.2232 0.4261 1.1553 0.8731 2.1998 1.4899 0.0000 0.4377 1.7471 0.1928 0.1720 0.2393 0.2314 0.1819 0.1109 0.1627 0.1844 0.2357 0.2409 0.1820 0.1141 0.1930 0.2119 0.1721 0.1851 0.1403 0.1265 0.1658 0.1187
0.9197 1.0375 0.6282 1.3142 1.1113 0.6115 1.4996 1.0828 0.9048 1.5533 1.5227 0.6869 0.6362 2.5980 0.4859 1.7706 0.8852 2.3882 1.4095 0.7475 3.3659 0.0000 0.6475 0.7815 0.4669 0.8374 1.0211 1.7008 0.6511 0.8480 1.4546 0.9426 0.2753 1.3168 0.9270 0.8687 0.5972 0.5958 0.4495 0.5073 0.9416 0.4311 0.8706
1.2913 0.5956 1.6585 1.2058 1.3367 1.8087 0.5094 1.0828 3.6192 1.2283 0.3253 1.0867 1.2782 1.1279 1.1048 0.9125 0.7687 0.7866 1.4258 1.2041 1.2401 1.1525 0.0000 1.3673 0.6208 0.9331 0.6943 0.4092 0.7563 1.3717 0.7191 0.7814 0.6691 1.6379 1.1124 0.8549 1.5484 0.4538 0.8329 0.6549 0.7083 0.9395 1.7591
0.9000 0.7920 1.1881 0.6122 0.6025 1.0852 0.9091 0.6497 0.2784 0.4438 0.7640 1.0419 0.9278 0.8242 0.8189 0.7429 0.4173 0.8097 1.1542 0.4287 0.2480 0.4766 1.4583 0.0000 2.7935 3.0600 0.5400 1.2730 0.8985 0.4308 0.6085 0.7318 3.8195 1.0499 1.0015 2.5417 0.2966 0.6024 0.8726 0.1403 2.4792 0.6964 1.4113
1.0819 0.9204 0.8177 0.4762 0.6856 0.8833 0.6201 1.5492 0.2784 0.9073 1.3431 1.0419 0.9676 0.3836 1.9955 0.8356 0.7208 0.8190 0.2037 0.8098 0.2480 0.3977 1.1118 2.9567 0.0000 3.1666 1.0580 0.5051 0.4930 0.6510 0.5531 0.3807 3.9572 0.3336 0.6846 1.8532 0.5509 0.4590 0.8726 0.5964 2.5614 0.4421 1.2267
0.7033 0.9079 0.8120 1.1564 1.1254 1.3160 0.5159 1.6513 0.8352 1.2261 0.9105 0.6984 0.6517 1.5039 0.3959 1.1673 0.7922 0.8376 0.6692 0.7789 0.2480 0.8062 0.4916 2.9108 2.2990 0.0000 0.6943 0.6015 0.9539 0.6510 0.9043 0.6822 3.4066 1.3779 0.7026 1.1056 0.5650 0.7131 0.9254 0.3955 2.3527 0.4974 0.4946
0.8798 1.3523 0.8376 1.2715 0.8038 1.6404 0.6409 0.9828 0.2784 1.0776 1.0989 0.6679 0.7591 1.3407 0.3468 1.4398 1.6488 1.8018 0.5839 1.0527 0.2480 0.8062 0.5824 0.7146 0.5543 1.1431 0.0000 1.4128 0.8582 0.8747 1.4981 1.6833 0.2409 1.1223 1.7495 0.6142 1.3773 0.9545 0.1851 1.4594 0.9416 1.1606 1.5195
1.2836 0.7876 1.0079 1.1904 1.7463 0.7151 0.8939 1.1790 0.2784 1.0178 0.5917 0.6843 1.0604 1.2407 0.9758 1.1530 1.2856 1.2199 0.7962 1.0041 0.2480 2.2212 0.8919 0.9963 0.2103 1.3398 1.5780 0.0000 0.9706 0.9656 1.2339 0.4499 0.2409 0.5791 1.0476 0.9058 0.5751 0.8606 1.7398 0.6455 1.1665 0.9285 1.5001
0.7773 0.8846 0.7463 0.6802 0.7034 0.8412 0.4176 0.4950 0.2784 0.6272 1.2377 0.7719 1.1377 0.7953 0.5958 1.1161 1.5509 1.0905 0.9166 1.2416 0.2480 0.6322 0.7194 0.7373 0.4587 1.5472 0.9547 0.9093 0.0000 0.9439 1.1432 1.5553 0.5620 0.7886 1.6686 0.4247 2.9665 2.0756 0.5553 2.4719 0.8222 2.3764 2.1368
0.8295 0.8068 0.5596 0.7652 0.5821 0.9843 0.9905 0.8496 0.2784 0.9468 0.4783 1.3153 1.9521 1.1311 2.0787 1.0266 1.0195 0.7148 1.2985 1.1822 0.2480 0.6368 0.9436 0.7438 0.6173 1.1644 1.0801 2.4420 1.1425 0.0000 0.4230 0.3703 1.2327 0.4940 0.8129 0.5791 0.6710 3.4916 0.5090 1.2429 0.8854 0.3467 1.2411
1.2133 0.9466 0.9146 0.8948 1.2700 0.7992 0.5159 1.0250 0.2784 1.6470 1.0570 0.5381 0.4529 1.6891 0.3740 1.5713 1.5274 2.9781 0.7611 0.5430 0.2480 1.6340 1.0006 0.5206 0.2033 0.6221 0.6943 1.7579 1.7932 0.3952 0.0000 1.5387 0.3011 2.7298 1.2190 0.2482 0.9943 0.4961 0.2468 0.4210 0.1687 1.6764 0.8094
1.1170 0.6520 0.6731 1.1078 1.1365 0.8328 0.4556 0.9253 0.2784 1.1243 1.2912 0.6011 0.6069 1.0297 0.4357 1.2853 0.9484 1.3721 0.7638 0.5074 0.2480 1.2135 0.8647 0.7285 0.3226 1.0274 1.8846 0.6295 1.6268 0.4116 2.3278 0.0000 0.2409 3.4298 1.4579 0.1930 2.1896 0.9467 0.2380 0.2169 0.4945 2.9844 1.4641
0.5118 0.3992 0.7539 0.3498 0.7114 1.3376 0.5315 0.6930 0.2784 0.6914 0.3370 0.4007 0.8860 0.4398 2.3810 0.6671 0.7045 0.8686 0.3290 0.6276 0.2480 0.3830 1.1471 2.8627 2.4729 2.2637 0.6943 0.5735 0.9069 1.0617 0.4149 0.4713 0.0000 0.5980 0.8842 3.8885 1.4550 1.2048 2.2828 0.7484 2.4286 0.5527 0.7518
1.1969 1.1349 0.7180 1.1773 0.8508 1.0347 1.0426 0.8072 0.2784 1.2190 0.7967 0.6311 0.4639 1.5822 0.1915 1.6297 1.0026 1.4146 0.8402 0.3525 0.2480 1.2255 1.0184 0.8539 0.2580 1.1621 1.0801 0.8833 1.7636 0.3512 3.1996 3.5349 0.2409 0.0000 1.3818 0.4585 1.5988 0.6770 0.3437 0.5741 0.3514 1.4185 0.7518
0.3478 0.5151 0.4487 0.4308 0.4989 0.3786 0.9422 0.7038 0.2784 0.8841 0.5128 0.4809 0.7764 0.6456 0.9719 1.2313 0.5690 0.8041 0.9557 0.9570 0.2480 0.4377 0.8736 1.4600 0.6881 0.8282 3.0087 1.1738 1.8413 0.4882 0.9482 1.1446 1.2044 0.5460 0.0000 0.4183 3.1784 2.1884 0.7404 2.0488 0.8573 2.9291 2.0656
0.5459 1.2879 0.6282 0.7235 0.8925 2.4480 1.0388 0.8353 0.2784 0.9299 0.5861 2.0437 2.4905 0.3977 2.7464 0.6956 0.6725 0.4914 1.4258 1.0748 0.2480 0.6608 1.2095 1.0693 2.1791 1.1431 0.7869 1.3184 0.5423 0.8747 0.3546 0.2357 4.0207 0.1820 0.4279 0.0000 0.4430 0.4705 1.2339 0.4642 0.5864 0.2864 0.9695
0.2975 0.4508 0.3590 1.1020 0.4410 0.3281 0.9905 0.5534 0.2784 0.9320 0.4762 0.3206 1.0604 0.5170 0.5698 0.9073 0.9800 0.9892 0.7592 1.4306 0.2480 0.9045 0.9530 0.9291 0.6537 0.7975 1.9801 0.5786 2.1907 0.5457 1.0799 1.9526 0.6022 1.2408 2.0738 0.3415 0.0000 2.2130 0.2776 1.7732 0.8164 2.2458 1.5433
0.2622 0.2634 0.3427 0.6705 0.2646 0.7319 1.2623 0.7580 0.2784 1.1197 0.2997 0.4590 0.9776 0.5567 0.4871 1.1283 1.2694 0.8763 0.3259 0.6920 0.2480 0.9270 0.1588 0.7231 0.7455 0.6308 0.6943 0.5735 1.8733 3.3362 1.0448 0.9212 0.5299 0.7280 1.9396 0.5494 2.8317 0.0000 1.6658 0.8888 0.5404 1.9896 1.8023
0.5193 0.7513 0.8576 0.3855 0.4712 0.1262 0.6791 1.7325 0.2784 0.5410 0.2198 0.5076 2.2533 0.7219 2.2211 0.5911 0.5149 0.8934 1.9859 0.6036 0.2480 0.5787 0.5400 1.0070 1.0322 1.0168 0.2314 1.3134 1.1092 0.9764 0.4712 0.9641 3.3722 0.2224 1.1572 0.4504 1.0171 0.8606 0.0000 2.3295 1.4998 1.0279 1.8104
0.3246 0.4508 0.5385 0.7142 1.1642 0.9464 1.1294 0.5414 0.2784 0.8679 1.6849 0.7747 2.1106 0.6999 0.6047 1.1959 0.6955 0.4295 1.5887 1.2632 0.2480 0.8170 1.0721 0.7713 0.8219 0.5981 0.8266 0.2182 2.1550 0.6742 0.5531 0.5499 1.2732 0.2860 1.7529 0.2317 2.4897 0.9983 1.0488 0.0000 0.9170 3.0899 0.1781
0.3014 0.5795 0.5385 0.9183 0.2587 0.9464 1.2623 0.4331 0.2784 0.9336 0.6044 0.2404 1.5685 0.7953 0.2520 0.9980 1.5988 0.6142 1.0184 1.0041 0.2480 0.6536 0.9927 3.1816 3.0966 2.9736 0.3857 2.1095 1.3865 0.5605 0.4526 0.8355 4.6454 0.3380 1.1306 0.2983 0.6828 1.0171 1.8509 0.3508 0.0000 0.5275 0.5936
0.1623 0.5312 0.4487 0.3571 0.3881 1.1862 1.0630 2.0356 0.2784 0.7811 0.3297 0.3606 0.9058 0.5726 1.3942 0.9210 1.7830 0.2730 0.3395 0.9948 0.2480 0.2451 1.1118 0.7713 0.2867 0.4785 1.0029 0.7770 1.3311 0.4611 0.9219 3.1578 0.4817 1.6379 1.8712 0.5791 2.9900 1.4015 0.6170 2.7224 0.7083 0.0000 2.2080
0.5590 0.2415 0.4936 0.2624 0.5174 0.5805 0.6201 0.3248 0.2784 0.6391 0.2198 0.3005 1.4784 0.6999 3.1747 1.1089 0.4426 0.5212 0.5529 1.9254 0.2480 0.3744 1.8833 0.9641 0.6881 1.1963 0.6282 1.2002 1.5899 1.7901 0.9219 1.3354 0.2409 1.2739 2.0765 0.9652 2.1896 1.6638 0.9254 0.1403 0.1988 2.8600 0.0000
