#Correction matrix for multiplying with normalized score matrix
#
0.0000 0.6446 0.5011 0.7851 0.7295 1.1962 1.6287 0.7783 0.5131 0.9010 0.7397 1.2405 2.0040 0.6062 2.6459 0.7348 0.8503 0.8722 0.9587 1.2506 0.6109 1.0364 0.7351 1.4919 1.7691 1.1868 0.5822 1.1954 1.1269 0.7860 0.5666 0.3264 4.1516 0.4142 1.2931 2.2201 1.6746 1.1938 4.0521 5.2258 2.1562 1.5509 1.5795
0.7817 0.0000 0.8590 0.8078 0.7908 1.1321 0.6616 0.8868 0.5350 0.9443 0.8142 1.0626 0.8772 0.8332 0.5539 0.9660 1.0544 1.0189 1.1878 0.7776 1.2672 0.8640 1.0179 0.7638 0.7751 1.3100 0.3704 0.8190 1.1143 1.3208 1.0261 3.4352 2.6689 0.9353 2.8047 0.8880 4.7194 2.2888 1.2006 0.7009 0.6297 5.0262 2.5044
0.4638 0.6402 0.0000 0.7124 0.8403 2.1384 1.1631 0.6355 0.5714 0.8076 1.2540 1.1518 0.9032 0.7459 0.8323 1.1886 1.0405 0.9813 0.6160 0.8233 0.4572 0.6931 0.6207 2.3049 2.3682 1.6420 0.8838 1.2311 1.7098 1.1839 0.7639 0.3926 4.1516 0.5342 1.5170 1.5541 4.7194 1.5588 0.8312 3.0540 2.8235 5.1698 3.1952
0.6609 0.6343 0.6910 0.0000 0.7809 0.7128 0.4181 0.7941 0.8980 1.0006 0.6325 0.5004 1.1912 1.3779 0.6758 1.0380 1.7150 1.0720 1.1878 0.7985 1.0314 0.8605 1.1447 0.5692 0.5712 1.6718 1.4403 0.9563 3.2319 2.0483 5.4235 2.4875 0.4550 1.0396 5.2588 0.3296 4.7194 2.2038 5.4028 3.4311 0.4332 4.5236 2.0217
0.7085 0.6659 1.0487 0.7001 0.0000 1.3985 0.7420 1.2506 0.7982 0.9566 0.8346 1.2556 1.0124 0.7331 0.6121 0.8669 0.4823 1.1396 1.0393 0.6918 0.7467 0.9945 1.3117 1.6255 0.6598 1.2023 1.1522 0.7856 1.6257 1.5181 0.8678 1.2227 2.6419 1.6723 1.6537 2.3221 3.1463 2.5822 3.4381 0.4609 0.6442 1.6754 1.2034
0.9075 0.6331 0.5810 0.5908 0.7676 0.0000 1.3977 0.6597 0.8780 1.2071 0.6611 0.5567 1.2125 1.0959 1.4575 1.4517 1.4543 1.2351 0.7553 1.1374 0.8064 0.9520 0.6227 5.1860 1.0765 1.0167 0.4076 2.9610 1.2879 0.4916 0.9260 0.7616 1.3839 0.7850 0.6115 0.3614 1.2419 0.4587 0.2844 7.1261 0.9301 6.0314 8.4238
0.7767 0.5712 0.7210 0.7682 0.8433 0.4992 0.0000 1.0720 0.4744 0.9389 0.7745 0.4385 1.4721 1.0596 3.0067 1.2272 0.7455 1.3385 1.2381 0.6861 1.4307 0.7193 1.3008 1.0584 2.0626 1.1399 1.8518 0.9481 1.2879 0.6145 1.1094 1.1316 4.1516 0.7123 0.6615 2.4174 1.7901 0.4019 0.8404 2.2396 1.3176 2.0105 1.6848
0.6245 0.6388 0.6190 0.8762 0.7688 0.9291 1.8414 0.0000 0.4835 0.8940 0.7808 0.9598 1.7503 0.9065 1.0885 1.5746 1.2231 1.7025 1.9504 1.1607 0.7781 1.1375 1.1844 0.5292 0.4565 0.9733 0.5401 0.7699 1.0150 0.7011 0.8951 4.2435 1.3839 1.0604 1.8904 0.4819 1.6855 0.8755 0.6753 1.0180 0.4986 3.8382 1.0273
0.5602 0.6471 0.4382 0.5277 0.7191 0.8987 0.5376 2.0202 0.0000 1.0198 0.5144 0.5392 2.1279 1.5175 1.7809 1.3227 0.9001 1.9587 2.1041 0.7125 0.7517 1.1520 0.4607 5.1860 5.8129 4.1796 4.3208 5.4990 9.0154 6.1448 5.4235 4.2435 4.1516 5.4948 8.7646 5.1802 4.7194 5.8099 5.4028 7.1261 7.9059 6.0314 8.4238
0.5876 0.8052 0.7896 1.1253 0.8680 1.3889 0.9842 0.9756 0.5466 0.0000 0.8702 1.4680 1.7494 0.4755 1.1279 0.5954 1.1555 0.4664 1.1279 1.0185 0.7040 0.4349 1.0630 1.8933 0.5457 1.5854 1.5029 0.6817 1.5026 1.2528 0.5280 1.7154 1.8452 0.8294 1.7529 1.0026 2.9215 2.7974 4.4205 1.1252 0.6297 2.1541 1.9715
1.0954 0.8224 0.8024 0.9519 0.7888 0.8165 0.3381 1.0427 0.4364 1.2436 0.0000 0.5294 1.3269 0.9716 0.6013 1.8126 0.6031 1.2210 1.4162 0.5146 0.9164 1.3674 1.6925 1.5339 0.8641 1.3460 0.6500 1.0759 1.8031 0.8899 0.8847 1.8860 4.1516 1.7625 3.5855 1.3632 4.0452 1.3407 0.6356 0.4233 0.5759 3.4919 1.1729
0.8248 0.5715 0.8797 1.5001 0.7949 0.5367 0.3671 0.9775 0.7619 1.1369 1.0834 0.0000 0.9223 1.0528 1.6064 1.3647 0.7341 1.0242 1.0794 0.9337 0.8368 0.7253 0.9900 1.3786 2.7801 1.2605 1.1898 1.0771 1.4293 0.4305 1.1658 1.7867 4.1516 1.4827 0.8448 1.7972 4.7194 0.7378 0.3602 0.6235 1.5257 1.6754 1.7952
1.2323 2.2837 1.0595 0.9001 1.0145 0.9462 0.9321 0.6751 0.9189 2.0956 0.6441 0.4865 0.0000 1.9646 1.9377 1.2378 1.0544 0.8427 0.2563 1.5437 0.8488 1.1056 0.8994 1.2165 2.0012 1.5571 0.8642 1.7066 0.9326 0.6035 1.5065 1.7867 2.7076 1.9168 0.9738 0.2878 0.5967 0.7851 0.4032 0.5294 1.0478 0.5308 0.7325
0.5903 0.5378 0.6652 0.7475 0.7363 2.2085 1.7220 0.7696 0.7857 0.4971 0.9864 2.1467 2.2274 0.0000 1.0275 0.6697 0.9414 0.8357 0.8697 1.5048 0.4224 0.4170 0.8029 3.3977 0.6303 1.5673 1.5250 0.9563 1.2553 0.9492 0.6824 1.2227 2.9061 0.7579 1.3763 1.0091 2.8316 1.7215 2.5213 3.2890 2.1961 3.0157 1.6256
0.7514 0.9384 0.6910 1.0848 0.6569 0.7813 1.1578 0.7448 0.9671 1.4486 1.4542 0.5640 1.2088 2.0956 0.0000 1.5701 0.9683 1.1826 2.9057 1.5571 0.2861 1.4214 0.7426 0.8776 0.3622 1.3932 1.9369 0.9916 1.3327 0.7803 1.5496 2.7675 0.3967 2.7474 0.9067 0.4417 1.6990 0.5875 0.4322 0.4363 7.9059 0.4144 0.4011
0.7444 0.9072 1.0103 0.9676 0.9683 1.5849 1.1805 1.1544 0.6133 0.5498 0.6289 1.1646 1.3445 0.4748 1.5538 0.0000 1.2100 0.5553 1.0354 1.0081 0.6428 0.4533 1.0493 1.3914 0.6459 1.4831 0.7580 0.8798 1.3057 0.8434 0.8344 0.5339 4.1516 0.7257 1.9866 1.3204 2.6219 1.7430 1.8009 3.4311 0.6480 5.1698 1.6380
0.7702 0.6181 0.7959 0.8762 0.4515 1.2192 0.7631 0.7481 0.5029 0.9163 0.8273 0.6384 0.9120 0.9805 0.7453 0.9448 0.0000 1.3075 1.0992 0.8821 0.5218 0.9019 1.1912 1.6029 1.6722 1.9798 1.2602 0.7128 1.1715 0.8666 1.5602 1.1737 4.1516 0.8161 1.4752 0.6146 4.7194 1.7328 1.6208 0.4902 1.6471 1.3403 1.2763
0.7669 1.0353 0.9648 0.6874 1.0308 0.6817 1.0695 1.1771 0.5847 0.6933 0.6894 0.9016 1.4751 0.9068 1.4174 0.7027 0.9090 0.0000 0.8510 0.6809 0.5760 0.5225 1.3319 1.8091 0.8867 1.3299 2.0164 0.4411 0.8888 1.8355 0.3329 1.1882 3.3608 0.8819 1.5192 1.2334 1.6657 2.2594 1.6208 2.9343 1.0402 1.4744 1.8169
0.9109 1.2636 0.9285 0.8684 1.4346 0.8158 1.4238 1.0775 0.5825 1.1883 0.8060 0.5455 0.3760 1.0906 3.7799 1.0858 1.2430 1.2210 0.0000 1.0646 0.3360 1.3353 1.1543 1.0970 3.4194 1.3483 1.5072 1.3980 0.8196 0.6537 1.5952 0.9093 2.4218 1.3737 0.7658 1.6425 0.6210 1.0167 0.3075 0.5389 0.9747 0.6540 0.6104
1.2479 1.1713 0.7676 0.9943 0.6890 1.4598 1.4824 1.0350 0.6531 0.8622 0.7261 0.6545 1.0875 0.8112 1.7831 1.0810 1.4561 1.0332 0.7696 0.0000 0.3305 0.9390 1.0570 1.2777 3.6331 0.8195 2.4004 1.0998 0.6218 0.4442 1.2630 1.4760 2.5548 0.9353 0.7155 2.0721 0.6107 0.8681 2.1611 0.4800 1.7852 0.7355 0.7544
0.7514 0.8499 0.7959 0.4770 0.8053 0.6604 1.0613 0.9584 0.5897 0.9994 0.5171 0.8318 1.4370 2.7662 0.8176 2.3467 0.8655 1.1453 0.4546 0.6712 0.0000 2.2848 0.5724 5.1860 5.8129 4.1796 4.3208 5.4990 9.0154 6.1448 5.4235 4.2435 4.1516 5.4948 8.7646 5.1802 4.7194 5.8099 5.4028 7.1261 7.9059 6.0314 8.4238
1.0874 0.9639 1.5918 0.7609 0.8999 1.6353 0.6669 0.9235 1.1052 0.6438 0.6567 1.4557 1.5717 0.3849 2.0579 0.5648 1.1297 0.4187 0.7095 1.3379 0.2971 0.0000 1.5443 1.2797 2.1416 1.1942 0.9794 0.5879 1.5360 1.1793 0.6875 1.0609 3.6327 0.7594 1.0787 1.1511 1.6746 1.6784 2.2247 1.9711 1.0620 2.3198 1.1487
0.7744 1.6789 0.6029 0.8293 0.7481 0.5529 1.9633 0.9235 0.2763 0.8141 3.0744 0.9202 0.7824 0.8866 0.9052 1.0959 1.3009 1.2713 0.7014 0.8305 0.8064 0.8677 0.0000 0.7314 1.6108 1.0717 1.4403 2.4440 1.3223 0.7290 1.3906 1.2798 1.4946 0.6105 0.8989 1.1697 0.6458 2.2038 1.2006 1.5270 1.4118 1.0644 0.5685
1.1111 1.2626 0.8417 1.6335 1.6597 0.9215 1.0999 1.5392 3.5919 2.2533 1.3089 0.9598 1.0778 1.2133 1.2212 1.3461 2.3963 1.2351 0.8664 2.3327 4.0320 2.0983 0.6857 0.0000 0.3580 0.3268 1.8518 0.7856 1.1130 2.3214 1.6435 1.3665 0.2618 0.9524 0.9985 0.3934 3.3710 1.6600 1.1460 7.1261 0.4034 1.4361 0.7085
0.9243 1.0864 1.2229 2.1002 1.4586 1.1321 1.6127 0.6455 3.5919 1.1022 0.7446 0.9598 1.0335 2.6068 0.5011 1.1967 1.3874 1.2210 4.9096 1.2349 4.0320 2.5142 0.8994 0.3382 0.0000 0.3158 0.9452 1.9796 2.0285 1.5362 1.8078 2.6269 0.2527 2.9972 1.4608 0.5396 1.8151 2.1787 1.1460 1.6767 0.3904 2.2618 0.8152
1.4219 1.1014 1.2315 0.8648 0.8886 0.7599 1.9385 0.6056 1.1973 0.8156 1.0983 1.4319 1.5344 0.6650 2.5256 0.8567 1.2623 1.1939 1.4942 1.2839 4.0320 1.2403 2.0341 0.3436 0.4350 0.0000 1.4403 1.6625 1.0483 1.5362 1.1058 1.4659 0.2935 0.7257 1.4233 0.9045 1.7698 1.4024 1.0806 2.5286 0.4250 2.0105 2.0217
1.1366 0.7395 1.1938 0.7865 1.2440 0.6096 1.5603 1.0175 3.5919 0.9280 0.9100 1.4973 1.3173 0.7459 2.8833 0.6946 0.6065 0.5550 1.7126 0.9500 4.0320 1.2403 1.7171 1.3994 1.8040 0.8748 0.0000 0.7078 1.1653 1.1432 0.6675 0.5941 4.1516 0.8911 0.5716 1.6281 0.7261 1.0477 5.4028 0.6852 1.0620 0.8616 0.6581
0.7791 1.2697 0.9921 0.8401 0.5726 1.3985 1.1187 0.8481 3.5919 0.9825 1.6900 1.4613 0.9430 0.8060 1.0248 0.8673 0.7778 0.8197 1.2559 0.9959 4.0320 0.4502 1.1212 1.0037 4.7560 0.7464 0.6337 0.0000 1.0303 1.0356 0.8104 2.2228 4.1516 1.7269 0.9546 1.1040 1.7387 1.1620 0.5748 1.5492 0.8573 1.0770 0.6666
1.2865 1.1305 1.3399 1.4701 1.4217 1.1887 2.3946 2.0202 3.5919 1.5943 0.8080 1.2955 0.8790 1.2574 1.6784 0.8960 0.6448 0.9170 1.0910 0.8054 4.0320 1.5818 1.3900 1.3563 2.1798 0.6463 1.0475 1.0998 0.0000 1.0594 0.8748 0.6429 1.7793 1.2680 0.5993 2.3546 0.3371 0.4818 1.8009 0.4045 1.2163 0.4208 0.4680
1.2056 1.2394 1.7870 1.3068 1.7179 1.0160 1.0096 1.1771 3.5919 1.0562 2.0906 0.7603 0.5123 0.8841 0.4811 0.9741 0.9808 1.3991 0.7701 0.8459 4.0320 1.5704 1.0597 1.3445 1.6200 0.8588 0.9259 0.4095 0.8753 0.0000 2.3641 2.7004 0.8112 2.0244 1.2301 1.7267 1.4903 0.2864 1.9646 0.8046 1.1294 2.8846 0.8058
0.8242 1.0564 1.0934 1.1176 0.7874 1.2513 1.9385 0.9756 3.5919 0.6072 0.9461 1.8584 2.2081 0.5920 2.6740 0.6364 0.6547 0.3358 1.3138 1.8416 4.0320 0.6120 0.9994 1.9207 4.9186 1.6075 1.4403 0.5689 0.5577 2.5302 0.0000 0.6499 3.3213 0.3663 0.8203 4.0290 1.0058 2.0157 4.0521 2.3754 5.9294 0.5965 1.2355
0.8953 1.5338 1.4856 0.9027 0.8799 1.2007 2.1951 1.0807 3.5919 0.8895 0.7745 1.6637 1.6476 0.9711 2.2949 0.7780 1.0544 0.7288 1.3092 1.9707 4.0320 0.8241 1.1564 1.3728 3.1002 0.9733 0.5306 1.5886 0.6147 2.4293 0.4296 0.0000 4.1516 0.2916 0.6859 5.1802 0.4567 1.0563 4.2022 4.6110 2.0224 0.3351 0.6830
1.9537 2.5048 1.3265 2.8585 1.4056 0.7476 1.8815 1.4430 3.5919 1.4464 2.9675 2.4955 1.1287 2.2740 0.4200 1.4990 1.4194 1.1512 3.0393 1.5935 4.0320 2.6112 0.8718 0.3493 0.4044 0.4417 1.4403 1.7436 1.1026 0.9419 2.4105 2.1217 0.0000 1.6723 1.1309 0.2572 0.6873 0.8300 0.4381 1.3361 0.4118 1.8094 1.3301
0.8355 0.8811 1.3928 0.8494 1.1754 0.9664 0.9592 1.2389 3.5919 0.8204 1.2552 1.5845 2.1555 0.6320 5.2222 0.6136 0.9974 0.7069 1.1902 2.8370 4.0320 0.8160 0.9820 1.1710 3.8753 0.8605 0.9259 1.1321 0.5670 2.8476 0.3125 0.2829 4.1516 0.0000 0.7237 2.1811 0.6255 1.4771 2.9092 1.7419 2.8461 0.7050 1.3301
2.8755 1.9412 2.2285 2.3212 2.0043 2.6416 1.0613 1.4208 3.5919 1.1311 1.9501 2.0796 1.2881 1.5489 1.0290 0.8122 1.7573 1.2436 1.0463 1.0450 4.0320 2.2848 1.1447 0.6849 1.4532 1.2074 0.3324 0.8520 0.5431 2.0483 1.0546 0.8737 0.8303 1.8316 0.0000 2.3908 0.3146 0.4570 1.3507 0.4881 1.1664 0.3414 0.4841
1.8319 0.7765 1.5918 1.3822 1.1204 0.4085 0.9626 1.1972 3.5919 1.0754 1.7063 0.4893 0.4015 2.5147 0.3641 1.4377 1.4870 2.0350 0.7014 0.9304 4.0320 1.5133 0.8268 0.9352 0.4589 0.8748 1.2708 0.7585 1.8441 1.1432 2.8202 4.2435 0.2487 5.4948 2.3372 0.0000 2.2571 2.1256 0.8104 2.1544 1.7052 3.4919 1.0315
3.3609 2.2185 2.7856 0.9075 2.2677 3.0480 1.0096 1.8069 3.5919 1.0730 2.1001 3.1194 0.9430 1.9344 1.7549 1.1022 1.0204 1.0110 1.3172 0.6990 4.0320 1.1056 1.0493 1.0763 1.5297 1.2539 0.5050 1.7283 0.4565 1.8327 0.9260 0.5121 1.6606 0.8059 0.4822 2.9279 0.0000 0.4519 3.6019 0.5639 1.2249 0.4453 0.6480
3.8144 3.7961 2.9182 1.4914 3.7795 1.3663 0.7922 1.3193 3.5919 0.8931 3.3368 2.1786 1.0230 1.7962 2.0529 0.8863 0.7878 1.1412 3.0685 1.4451 4.0320 1.0788 6.2961 1.3829 1.3414 1.5854 1.4403 1.7436 0.5338 0.2997 0.9571 1.0855 1.8871 1.3737 0.5156 1.8201 0.3532 0.0000 0.6003 1.1252 1.8503 0.5026 0.5549
1.9255 1.3311 1.1661 2.5943 2.1222 7.9247 1.4725 0.5772 3.5919 1.8484 4.5501 1.9702 0.4438 1.3852 0.4502 1.6918 1.9423 1.1193 0.5035 1.6566 4.0320 1.7280 1.8518 0.9931 0.9688 0.9834 4.3208 0.7614 0.9015 1.0241 2.1223 1.0373 0.2965 4.4958 0.8641 2.2201 0.9832 1.1620 0.0000 0.4293 0.6668 0.9728 0.5524
3.0809 2.2185 1.8571 1.4001 0.8590 1.0566 0.8854 1.8471 3.5919 1.1523 0.5935 1.2908 0.4738 1.4288 1.6537 0.8362 1.4378 2.3281 0.6294 0.7916 4.0320 1.2240 0.9328 1.2965 1.2167 1.6718 1.2098 4.5825 0.4640 1.4832 1.8078 1.8186 0.7854 3.4967 0.5705 4.3168 0.4016 1.0017 0.9534 0.0000 1.0905 0.3236 5.6159
3.3178 1.7255 1.8571 1.0890 3.8654 1.0566 0.7922 2.3088 3.5919 1.0711 1.6546 4.1592 0.6375 1.2574 3.9688 1.0020 0.6255 1.6280 0.9819 0.9959 4.0320 1.5300 1.0074 0.3143 0.3229 0.3363 2.5925 0.4741 0.7212 1.7840 2.2096 1.1969 0.2153 2.9587 0.8845 3.3519 1.4646 0.9832 0.5403 2.8504 0.0000 1.8956 1.6848
6.1617 1.8824 2.2285 2.8002 2.5769 0.8431 0.9407 0.4912 3.5919 1.2803 3.0334 2.7728 1.1040 1.7464 0.7173 1.0858 0.5608 3.6631 2.9458 1.0052 4.0320 4.0801 0.8994 1.2965 3.4877 2.0898 0.9971 1.2870 0.7513 2.1688 1.0847 0.3167 2.0758 0.6105 0.5344 1.7267 0.3344 0.7135 1.6208 0.3673 1.4118 0.0000 0.4529
1.7889 4.1412 2.0259 3.8114 1.9327 1.7228 1.6127 3.0785 3.5919 1.5648 4.5501 3.3274 0.6764 1.4288 0.3150 0.9018 2.2594 1.9187 1.8088 0.5194 4.0320 2.6706 0.5310 1.0372 1.4532 0.8359 1.5919 0.8332 0.6290 0.5586 1.0847 0.7488 4.1516 0.7850 0.4816 1.0360 0.4567 0.6010 1.0806 7.1261 5.0310 0.3496 0.0000
